21 46
21 47
20 48
20 49
19 49
19 48
18 47
18 46
21 41
21 42
20 43
20 44
19 44
19 43
18 42
18 41
21 36
21 37
20 38
20 39
19 39
19 38
18 37
18 36
21 31
21 32
20 33
20 34
19 34
19 33
18 32
18 31
21 26
21 27
20 28
20 29
19 29
19 28
18 27
18 26
21 21
21 22
20 23
20 24
19 24
19 23
18 22
18 21
21 16
21 17
20 18
20 19
19 19
19 18
18 17
18 16
21 11
21 12
20 14
19 14
20 13
19 13
18 12
18 11
21 6
21 7
20 8
20 9
19 9
19 8
18 7
18 6
21 1
21 2
20 3
20 4
19 4
19 3
18 2
18 1
21 180
21 181
20 183
19 183
20 182
19 182
18 181
18 180
21 175
21 176
20 177
20 178
19 178
19 177
18 176
18 175
21 170
21 171
20 172
20 173
19 173
19 172
18 171
18 170
21 165
21 166
20 167
20 168
19 168
19 167
18 166
18 165
21 160
21 161
20 162
20 163
19 163
19 162
18 161
18 160
21 155
21 156
20 157
20 158
19 158
19 157
18 156
18 155
21 150
21 151
20 152
20 153
19 153
19 152
18 151
18 150
21 145
21 146
20 147
20 148
19 148
19 147
18 146
18 145
21 140
21 141
20 142
20 143
19 143
19 142
18 141
18 140
21 135
21 136
20 137
20 138
19 138
19 137
18 136
18 135
21 130
21 131
20 132
20 133
19 133
19 132
18 131
18 130
21 125
21 126
20 127
20 128
19 128
19 127
18 126
18 125
21 120
21 121
20 122
20 123
19 123
19 122
18 121
18 120
18 55
18 56
19 57
19 58
20 58
20 57
21 56
21 55
18 60
18 61
19 62
19 63
20 63
20 62
21 61
21 60
18 65
18 66
19 67
19 68
20 68
20 67
21 66
21 65
18 70
18 71
19 72
20 72
20 73
19 73
21 71
21 70
18 75
18 76
19 77
19 78
20 78
20 77
21 76
21 75
18 80
18 81
19 82
19 83
20 83
20 82
21 81
21 80
18 85
18 86
19 87
19 88
20 88
20 87
21 86
21 85
18 90
18 91
19 92
19 93
20 93
20 92
21 91
21 90
18 95
18 96
19 97
19 98
20 98
20 97
21 96
21 95
18 100
18 101
19 102
19 103
20 103
20 102
21 101
21 100
18 105
18 106
19 107
19 108
20 108
20 107
21 106
21 105
18 110
18 111
19 112
19 113
20 113
20 112
21 111
21 110
18 115
18 116
19 117
19 118
20 118
20 117
21 116
21 115
