27 102
27 101
27 100
26 101
25 100
26 99
25 99
24 99
36 86
36 85
36 84
35 85
34 84
35 83
34 83
33 83
33 31
33 30
33 29
32 30
31 29
32 28
31 28
30 28
31 144
31 143
31 142
30 143
29 142
30 141
29 141
28 141
12 141
12 142
12 143
11 142
10 141
11 140
10 140
9 140
15 101
15 99
15 100
14 100
13 99
14 98
13 98
12 98
24 69
24 68
24 67
23 68
22 67
23 66
22 66
21 66
7 66
7 64
7 65
6 65
5 64
6 63
5 63
4 63
6 16
7 17
7 16
7 15
5 15
6 14
5 14
4 14
16 25
17 25
18 25
17 26
18 27
19 26
19 27
19 28
19 159
20 159
21 159
20 160
21 161
22 160
22 161
22 162
33 162
34 162
35 162
34 163
35 164
36 163
36 164
36 165
3 108
4 108
5 108
4 109
5 110
6 109
6 110
6 111
4 38
5 38
6 38
5 39
6 40
7 39
7 40
7 41
