18 165
18 166
17 166
15 167
14 167
14 166
15 165
16 165
13 118
13 117
13 114
13 113
13 110
13 109
13 106
13 105
13 102
13 101
13 98
13 97
13 94
13 93
13 90
13 89
13 86
13 85
13 82
13 81
13 78
13 77
13 74
13 73
13 70
13 69
13 66
13 65
13 62
13 61
13 58
13 57
13 54
13 53
13 50
13 49
13 46
13 45
13 42
13 41
13 38
13 37
13 34
13 33
13 30
13 29
13 26
13 25
13 22
13 21
13 18
13 17
14 17
14 18
14 21
14 22
14 25
14 26
14 29
14 30
14 33
14 34
14 37
14 38
14 41
14 42
14 45
14 46
14 49
14 50
14 53
14 54
14 57
14 58
14 61
14 62
14 65
14 66
14 69
14 70
14 73
14 74
14 77
14 78
14 81
14 82
14 85
14 86
14 89
14 90
14 93
14 94
14 97
14 98
14 101
14 102
14 105
14 106
14 109
14 110
14 113
14 114
14 117
14 118
14 122
14 121
13 121
13 122
13 125
14 125
14 126
13 126
13 129
14 129
14 130
13 130
13 133
14 133
14 134
13 134
13 137
14 137
14 138
13 138
13 141
14 141
14 142
13 142
13 145
14 145
13 146
14 146
14 149
13 149
13 150
14 150
14 153
13 153
13 154
14 154
14 157
13 157
13 158
14 158
14 161
13 161
13 162
14 162
19 162
18 162
18 161
19 161
18 158
19 158
19 157
18 157
18 154
19 154
19 153
18 153
18 150
19 150
19 149
18 149
18 146
19 146
19 145
18 145
18 142
19 142
18 141
19 141
19 138
18 138
18 137
19 137
19 134
18 134
19 133
18 133
18 130
19 130
19 129
18 129
18 126
19 126
19 125
18 125
18 122
19 122
19 121
18 121
18 118
19 118
19 117
18 117
18 114
19 114
19 113
18 113
18 110
19 110
19 109
18 109
18 106
19 106
19 105
18 105
18 102
19 102
19 101
18 101
18 98
19 98
19 97
18 97
18 94
19 94
19 93
18 93
18 90
19 90
19 89
18 89
18 86
19 86
19 85
18 85
18 82
19 82
19 81
18 81
18 78
19 78
19 77
18 77
18 74
19 74
19 73
18 73
18 70
19 70
18 69
19 69
19 66
18 66
18 65
19 65
19 62
18 62
18 61
19 61
19 58
18 58
18 57
19 57
19 54
18 54
18 53
19 53
19 50
18 50
18 49
19 49
19 46
18 46
18 45
19 45
19 42
18 42
18 41
19 41
19 38
18 38
18 37
19 37
19 34
18 34
18 33
19 33
19 30
18 30
18 29
19 29
19 26
18 26
18 25
19 25
19 22
18 22
18 21
19 21
19 18
18 18
18 17
19 17
19 14
18 14
18 13
19 13
13 13
13 14
14 14
14 13
16 164
16 163
16 162
16 161
16 160
16 159
16 158
16 157
16 156
16 155
16 154
16 153
16 152
16 151
16 150
16 149
16 148
16 147
16 146
16 145
16 144
16 143
16 142
16 141
16 140
16 139
16 138
16 137
16 136
16 135
16 134
16 133
16 132
16 131
16 130
16 129
16 128
16 127
16 126
16 125
16 124
16 123
16 122
16 121
16 120
16 119
16 118
16 117
16 116
16 115
16 114
16 113
16 112
16 111
16 110
16 109
16 108
16 107
16 106
16 105
16 104
16 103
16 102
16 101
16 100
16 99
16 98
16 97
16 96
16 95
16 94
16 93
16 92
16 91
16 90
16 89
16 88
16 87
16 86
16 85
16 84
16 83
16 82
16 81
16 80
16 79
16 78
16 77
16 76
16 75
16 74
16 73
16 72
16 71
16 70
16 69
16 68
16 67
16 66
16 63
16 65
16 64
16 62
16 61
16 60
16 59
16 58
16 57
16 56
16 55
16 54
16 53
16 52
16 51
16 50
16 49
16 48
16 47
16 46
16 45
16 44
16 43
16 42
16 41
16 40
16 39
16 38
16 37
16 36
16 35
16 34
16 33
16 32
16 31
16 30
16 29
16 28
16 25
16 27
16 26
16 24
16 23
16 22
16 21
16 20
16 19
16 18
16 17
16 16
16 15
16 14
16 13
16 12
16 11
16 10
16 9
19 9
19 10
18 10
18 9
13 9
13 10
14 10
14 9
14 8
18 8
17 7
15 7
14 6
18 6
17 5
16 5
15 5
15 4
16 4
17 4
19 1
19 0
18 1
18 0
14 0
14 1
13 1
13 0
