12 118
13 118
13 119
12 119
12 122
13 122
14 121
13 121
12 121
11 121
6 125
6 126
6 127
7 127
7 126
7 125
9 125
9 126
9 127
10 127
10 126
10 125
9 123
10 123
7 122
6 122
8 120
9 120
8 119
9 119
9 118
8 118
10 118
10 119
10 117
7 117
7 116
10 116
9 116
9 115
7 115
7 114
7 113
7 112
6 114
6 115
8 113
6 111
7 110
7 109
7 108
7 107
8 108
9 108
10 107
10 106
9 106
9 105
10 105
11 106
12 106
12 107
13 107
13 106
14 106
15 106
16 106
15 107
15 105
16 105
16 108
17 108
18 108
18 107
18 109
18 110
19 111
18 112
18 113
18 114
18 115
18 116
17 113
19 114
19 115
18 117
17 118
17 119
17 120
16 119
16 118
16 120
15 119
15 118
15 117
15 116
16 115
16 116
18 122
19 122
16 123
15 123
16 125
16 126
16 127
15 127
15 126
15 125
19 125
19 126
19 127
18 127
18 126
18 125
10 103
11 103
10 102
10 101
10 100
10 99
9 98
8 99
8 100
8 101
8 102
8 103
7 103
15 103
14 103
15 102
15 101
15 100
15 99
16 98
17 99
17 100
17 101
17 102
17 103
18 103
