36 79
35 79
34 80
34 78
33 79
32 79
31 79
30 79
29 80
29 78
28 79
27 79
36 90
35 90
34 91
34 89
33 90
32 90
31 90
30 90
29 91
29 89
28 90
27 90
21 111
21 110
22 109
20 109
21 109
22 106
20 106
21 106
21 105
21 104
21 103
21 102
22 101
20 101
21 101
22 98
20 98
21 98
21 97
21 96
18 81
19 82
17 83
18 83
19 83
18 88
19 87
17 86
18 86
19 86
22 85
23 85
23 84
22 84
21 73
21 72
22 71
20 71
21 71
21 58
21 59
22 60
20 60
21 60
22 63
20 63
21 63
21 64
21 65
21 66
21 67
22 68
21 68
20 68
11 62
11 63
12 64
10 64
11 65
11 66
11 67
11 68
12 69
10 69
11 70
11 71
11 107
11 106
12 105
10 105
11 104
11 103
11 102
11 101
12 100
10 100
11 99
11 98
9 85
9 84
8 85
8 84
