20 71
20 72
18 72
17 72
17 73
18 73
19 73
19 72
19 74
18 101
17 101
17 102
18 102
20 103
20 102
19 102
19 101
19 100
19 98
19 76
17 75
16 75
15 74
15 75
15 100
17 99
16 99
15 99
14 98
14 76
12 78
13 79
13 78
13 77
14 77
15 77
16 77
17 77
18 77
12 96
13 95
13 96
13 97
14 97
15 97
16 97
17 97
18 97
19 94
18 95
17 95
17 93
16 94
15 94
15 93
16 92
15 92
14 92
14 91
19 80
18 79
17 79
15 81
15 80
16 80
17 81
16 82
15 82
14 82
14 83
14 90
14 84
15 85
15 89
16 88
17 88
16 86
17 86
19 87
20 87
18 90
19 89
20 89
20 92
20 91
21 91
22 91
18 84
19 85
20 85
20 82
20 83
21 83
22 83
22 80
22 81
23 81
24 81
24 93
23 93
22 93
22 94
30 98
30 97
28 97
27 97
27 96
25 96
26 96
24 96
24 95
25 95
30 76
30 77
28 77
27 77
27 78
26 78
25 78
24 78
24 79
25 79
26 80
27 82
26 82
27 92
26 92
26 94
28 94
29 94
29 93
30 92
31 94
32 93
31 92
31 91
32 91
33 91
34 91
35 91
36 91
37 91
38 90
39 89
38 89
36 88
36 89
37 89
37 88
31 80
32 81
28 80
29 80
29 81
30 82
31 82
31 83
32 83
33 83
34 83
35 83
36 83
37 83
38 84
39 85
38 85
37 85
37 86
36 86
36 85
31 85
32 85
33 85
34 85
34 89
33 89
32 89
31 89
28 90
26 90
26 89
26 88
27 88
28 88
29 88
30 88
28 84
26 84
26 85
26 86
27 86
28 86
29 86
30 86
32 87
34 87
37 87
38 87
40 87
