23 82
24 81
23 80
22 79
19 81
20 81
20 80
19 80
19 79
20 79
7 82
6 81
7 80
8 79
11 79
11 80
11 81
10 81
10 80
10 79
21 76
21 77
20 77
9 76
9 77
10 77
18 75
20 74
19 74
19 73
18 73
12 75
10 74
11 74
11 73
12 73
11 72
12 72
13 72
19 72
18 72
17 72
17 71
18 71
19 71
13 71
12 71
11 71
22 69
22 70
21 71
21 70
21 69
21 68
21 67
21 66
8 69
8 70
9 71
9 70
9 69
9 68
9 67
9 66
23 64
22 63
21 64
20 63
7 64
8 63
9 64
21 59
19 57
19 63
20 62
20 61
20 60
20 59
20 58
20 57
20 56
22 56
17 62
17 61
13 61
13 62
9 59
11 57
11 63
10 63
10 62
10 61
10 60
10 59
10 58
10 57
10 56
8 56
8 54
22 54
21 54
20 54
9 54
10 54
13 53
12 53
12 52
13 52
14 52
17 53
18 53
18 52
16 52
17 52
17 49
16 49
15 48
14 49
13 49
